ANCHORED TRIMMED
[8, 9, 28, 50, 63, 68, 72, 84, 85, 97, 98, 110, 117, 180, 190, 199, 203, 211, 244, 251, 263, 269, 277, 279, 282, 285, 298, 317, 321, 327, 335, 353, 357, 368, 372, 383, 397]
BOUND TRIMMED
[1, 154, 164, 188, 227, 362, 385]
PARTIAL BOUND
[ 27  30  90 126 139 174 236 273 394]
UNPRODUCTIVE BINDING
[9, 12, 28, 43, 85, 117, 121, 128, 199, 219, 260, 263, 269, 317, 366, 383, 397]
UNPRODUCTIVE BINDING
[12, 43, 121, 128, 219, 260, 366]
UNBOUND AND NOT ANCHORED
[0, 2, 3, 4, 5, 6, 7, 10, 11, 13, 14, 15, 16, 17, 18, 19, 20, 21, 22, 23, 24, 25, 26, 29, 31, 32, 33, 34, 35, 36, 37, 38, 39, 40, 41, 42, 44, 45, 46, 47, 48, 49, 51, 52, 53, 54, 55, 56, 57, 58, 59, 60, 61, 62, 64, 65, 66, 67, 69, 70, 71, 73, 74, 75, 76, 77, 78, 79, 80, 81, 82, 83, 86, 88, 89, 91, 92, 93, 94, 95, 96, 99, 100, 101, 102, 103, 104, 105, 106, 107, 108, 109, 111, 112, 113, 114, 115, 118, 119, 120, 122, 123, 124, 125, 127, 129, 130, 131, 132, 133, 134, 135, 136, 137, 138, 140, 141, 142, 143, 144, 145, 146, 147, 148, 149, 150, 151, 152, 153, 155, 156, 157, 158, 159, 160, 161, 162, 163, 165, 166, 167, 168, 169, 170, 171, 172, 173, 175, 176, 177, 178, 179, 181, 182, 183, 184, 185, 186, 187, 189, 191, 192, 193, 194, 195, 196, 197, 198, 200, 201, 202, 204, 205, 206, 207, 208, 209, 210, 212, 213, 214, 215, 216, 217, 218, 220, 221, 222, 223, 224, 225, 226, 228, 229, 230, 231, 232, 233, 234, 235, 237, 238, 239, 240, 241, 242, 243, 245, 246, 247, 248, 249, 250, 252, 253, 254, 255, 256, 257, 258, 259, 261, 262, 264, 265, 266, 267, 268, 270, 271, 272, 274, 275, 276, 278, 280, 281, 283, 284, 286, 287, 288, 289, 290, 291, 292, 293, 294, 296, 297, 299, 300, 301, 302, 303, 304, 305, 306, 307, 308, 309, 310, 311, 312, 313, 314, 315, 316, 318, 319, 320, 322, 323, 324, 325, 326, 328, 329, 330, 331, 332, 333, 334, 336, 337, 338, 339, 340, 341, 342, 343, 344, 345, 346, 347, 348, 349, 350, 351, 352, 354, 355, 356, 358, 359, 360, 361, 363, 364, 365, 367, 369, 370, 371, 373, 374, 375, 376, 377, 378, 379, 380, 381, 382, 384, 386, 387, 388, 389, 390, 391, 392, 393, 395, 396, 398, 399]
These are the clusters in state 0
[  1 164 227 362 385]
These are the clusters in state 1
[ 12 128 219 260]
These are the clusters in state 2
[]
These are the clusters in state 3
[  9  28  63  68  72  84  85  98 190 203 211 251 263 269 298 321 327 353
 368 397]
These are the clusters in state 4
[  4  15  17  24  47  53  57  60  64  65  77 108 114 115 118 120 149 152
 155 168 169 205 214 215 228 229 231 233 238 239 245 248 271 272 275 276
 284 287 293 297 300 303 311 323 344 350 355 376 378]
These are the clusters in state 5
[  2   5   7  13  16  20  23  26  29  31  34  35  37  38  41  42  45  46
  49  56  61  62  71  74  78  79  82  89  94  95  99 100 101 103 106 111
 112 119 127 131 140 142 143 144 145 150 153 159 162 165 167 171 175 177
 178 186 187 193 196 200 201 206 207 209 213 216 217 220 221 223 224 225
 230 234 237 240 242 243 246 249 250 259 267 270 280 283 286 289 290 292
 299 304 308 312 314 315 322 324 334 337 338 339 340 345 346 348 352 358
 360 363 365 369 371 373 375 377 381 382 386 387 388 389 390 391 395 396
 399]
These are the clusters in state 6
[154 188]
These are the clusters in state 7
[ 43 121 366]
These are the clusters in state 8
[117 285 335]
These are the clusters in state 9
[  8  50  97 110 180 199 244 277 279 282 317 357 372 383]
These are the clusters in state 10
[  6  11  19  22  25  32  48  58  75  76  92 102 104 109 123 125 129 130
 132 141 147 157 160 179 181 191 202 210 256 261 268 278 291 307 313 325
 326 330 331 336 343 354 356 361 374 380 393]
These are the clusters in state 11
[  0   3  10  14  18  21  33  36  39  40  44  51  52  54  55  59  66  67
  69  70  73  80  81  83  86  88  91  93  96 105 107 113 122 124 133 134
 135 136 137 138 146 148 151 156 158 161 163 166 170 172 173 176 182 183
 184 185 189 192 194 195 197 198 204 208 212 218 222 226 232 235 241 247
 252 253 254 255 257 258 262 264 265 266 274 281 288 294 296 301 302 305
 306 309 310 316 318 319 320 328 329 332 333 341 342 347 349 351 359 364
 367 370 379 384 392 398]
[4 5 9 5 9 9 8 8 9 9 4 9 9 8 8 8 5 8 8 9 8 9 5 9 7 9 9 9 9 9 5 9 8 4 9 8 9
 9 8 9 5 4 4 5 5 5 9 9 4 9 9 1 9 4 9 8 5 8 8 9 9 9 9 9 9 8 8 9 8 9 9 9 5 5
 9 4 5 9 9 9 9 5 8 9 9 9 9 8 8 9 4 4 5 5 9 9 8 9 8 9 9 5 9 8 7 9 9 9 9 4 4
 9 5 9 8 8 9 9 9 5 9 5 9 9 9 8 8 9 9 8 5 8 9 9 5 9 9 9 9 8 5 5 8 5 9 5 5 9
 9 8 9 9 9 8 5 9 8 9 9 8 4 5 8 5 9 9 9 8 8 8 8 8 9 5 5 9 8 8 9 9 9 8 8 9 5
 9 8 5 5 8 9 9 4 8 9 9 5 4 8 1 9 9 9 9 5 9 5 9 9 4 5 9 9 5 4 9 8 4 9 4 5 9
 8 9 9 5 9 9 9 9 5 5 9 9 4 5 8 9 8 1 9 9 9 5 9 8 9 4 6 5 9 9 8 5 9 9 5 7 9
 5 5 8 9 5 7 9 9 4 7 9 9 4 9 9 5 8 9 8 9 9 4 9 8 5 9 4 8 9 8 5 8 9 9 4 9 9
 9 8 9 9 9 5 9 9 5 8 9 5 9 5 9 9 9 9 9 9 9 4 9 8 9 8 4 8 8 9 8 9 9 2 9 9 9
 4 8 9 5 9 8 8 8 4 5 9 9 8 5 5 8 5 9 9 4 8 9 9 4 9 5 9 8 9 4 9 9 4 9 9 4 8
 9 5 9 9 9 5 3 8 9 5 8 8 8 8 5 8 9 9 4 8 8 9 4 9 9 9 9 5 9]
0
[]
1
[51, 199, 239]
2
[329]
3
[376]
4
[0, 10, 33, 41, 42, 48, 53, 75, 90, 91, 109, 110, 160, 192, 197, 209, 214, 217, 219, 234, 247, 267, 271, 280, 285, 293, 317, 322, 333, 341, 352, 356, 362, 365, 368, 388, 392]
5
[1, 3, 16, 22, 30, 40, 43, 44, 45, 56, 72, 73, 76, 81, 92, 93, 101, 112, 119, 121, 130, 134, 140, 141, 143, 145, 146, 154, 161, 163, 173, 174, 184, 187, 188, 196, 204, 206, 210, 213, 220, 225, 230, 231, 235, 243, 249, 253, 256, 259, 260, 263, 274, 283, 289, 301, 304, 307, 309, 336, 342, 346, 347, 349, 358, 371, 375, 379, 384, 397]
6
[248]
7
[24, 104, 257, 264, 268]
8
[6, 7, 13, 14, 15, 17, 18, 20, 32, 35, 38, 55, 57, 58, 65, 66, 68, 82, 87, 88, 96, 98, 103, 114, 115, 125, 126, 129, 131, 139, 142, 149, 153, 156, 159, 162, 167, 168, 169, 170, 171, 176, 177, 181, 182, 186, 189, 193, 198, 216, 222, 236, 238, 245, 252, 261, 275, 277, 282, 286, 288, 290, 297, 305, 319, 321, 323, 324, 326, 334, 338, 339, 340, 345, 348, 353, 360, 369, 377, 380, 381, 382, 383, 385, 389, 390]
9
[2, 4, 5, 8, 9, 11, 12, 19, 21, 23, 25, 26, 27, 28, 29, 31, 34, 36, 37, 39, 46, 47, 49, 50, 52, 54, 59, 60, 61, 62, 63, 64, 67, 69, 70, 71, 74, 77, 78, 79, 80, 83, 84, 85, 86, 89, 94, 95, 97, 99, 100, 102, 105, 106, 107, 108, 111, 113, 116, 117, 118, 120, 122, 123, 124, 127, 128, 132, 133, 135, 136, 137, 138, 144, 147, 148, 150, 151, 152, 155, 157, 158, 164, 165, 166, 172, 175, 178, 179, 180, 183, 185, 190, 191, 194, 195, 200, 201, 202, 203, 205, 207, 208, 211, 212, 215, 218, 221, 223, 224, 226, 227, 228, 229, 232, 233, 237, 240, 241, 242, 244, 246, 250, 251, 254, 255, 258, 262, 265, 266, 269, 270, 272, 273, 276, 278, 279, 281, 284, 287, 291, 292, 294, 295, 296, 298, 299, 300, 302, 303, 306, 308, 310, 311, 312, 313, 314, 315, 316, 318, 320, 325, 327, 328, 330, 331, 332, 335, 337, 343, 344, 350, 351, 354, 355, 357, 359, 361, 363, 364, 366, 367, 370, 372, 373, 374, 378, 386, 387, 391, 393, 394, 395, 396, 398]
MFPT: From State bound_D3D14 to State inverse_D3D14
103591.0673431947
MFPT: From State bound_D3D14 to State lignocth_anchored_D3D14
19377.0991799494
MFPT: From State bound_D3D14 to State ligandcth_unbound_D3D14
5077.863344259838
